require 'bundler'
require File.join(File.dirname(__FILE__), 'app')

require 'rspec/core/rake_task'

RSpec::Core::RakeTask.new(:spec) do |t|
  t.ruby_opts = ['-r "./spec/spec_helper"']
end

task :default => :spec

desc "Blinker (period 2)"
task :blinker do
  grid = [
    [0,0,0,0,0],
    [0,0,0,0,0],
    [0,1,1,1,0],
    [0,0,0,0,0],
    [0,0,0,0,0]
  ]

  Game.start(grid)
end

desc "Glider"
task :glider do
  grid = [
    [0,1,0,0,0,0,0,0,0,0,0,0,0,0,0],
    [0,0,1,0,0,0,0,0,0,0,0,0,0,0,0],
    [1,1,1,0,0,0,0,0,0,0,0,0,0,0,0],
    [0,0,0,0,0,0,0,0,0,0,0,0,0,0,0],
    [0,0,0,0,0,0,0,0,0,0,0,0,0,0,0],
    [0,0,0,0,0,0,0,0,0,0,0,0,0,0,0],
    [0,0,0,0,0,0,0,0,0,0,0,0,0,0,0],
    [0,0,0,0,0,0,0,0,0,0,0,0,0,0,0],
    [0,0,0,0,0,0,0,0,0,0,0,0,0,0,0],
    [0,0,0,0,0,0,0,0,0,0,0,0,0,0,0],
    [0,0,0,0,0,0,0,0,0,0,0,0,0,0,0],
    [0,0,0,0,0,0,0,0,0,0,0,0,0,0,0],
    [0,0,0,0,0,0,0,0,0,0,0,0,0,0,0],
    [0,0,0,0,0,0,0,0,0,0,0,0,0,0,0],
    [0,0,0,0,0,0,0,0,0,0,0,0,0,0,0]
  ]

  Game.start(grid)
end